500 1000
448271885 71131820 779450105 75240469 310523934 825473364 415044072 975975950 352249841 64551119 307813750 549975620 749990577 545376397 737775788 69515246 631892076 722772480 870967958 655058766 809089101 911959583 1839008 108358994 884565661 327358083 78728623 679966238 560910616 452005495 994855149 718425224 723750875 209945319 92847643 958921802 992020770 819883015 293050339 158015793 851488587 450608296 200540796 303658320 56873295 709796494 377475313 234099185 651395805 802075603 933065185 496788398 966984921 474627035 926209759 186946430 39069011 994256116 68565428 938295364 211020503 697353472 503895923 142570996 488607290 784946641 983267611 330712078 582697358 683848480 223776540 634464092 231431569 472074375 303432674 620958138 669333139 712100814 391785262 124637597 5923159 320090855 465037079 722319932 132525499 39999561 655919167 609155653 429592131 484425740 628103893 693237840 878623162 530810593 336569749 836834477 964479112 764050948 464661912 6199245 296485016 791215774 288552332 735441739 652681348 21696610 475741084 999993268 707269050 958777573 871277482 162885185 897088311 30586025 853583027 693471057 40954708 971044907 355674428 101102720 712358193 567297509 791914611 454323553 669190737 219717787 800716041 822153724 972844347 365823219 235073990 179192538 478669569 128161394 326321866 112828393 333397921 756723114 291988978 784164012 97748035 321974875 531340512 94676859 513405242 520476647 725641682 168011521 900316446 991546171 719972524 116880143 869605902 333198076 625776233 734237836 712955053 302490928 335138712 916991271 559460452 531475563 803421165 179568007 111538192 247429624 367293586 243995574 727505257 536019031 995042499 216751273 881155300 876322049 889188090 160285083 380577671 773835469 299420597 926446465 841491119 893879695 480083802 71487542 735609064 943628182 402843957 463758146 982888720 91143314 331084264 147364176 76775730 378895670 536858013 860176036 134102726 697615600 325320904 773685103 92065037 478966715 44394030 261534008 220971128 240845306 188399518 235367751 909372960 673688415 119847115 380675545 862557316 301281366 198447560 388402046 793691551 824013547 975966481 365567231 349236861 732145199 360790936 490877734 864073781 207135000 615783917 863118194 19854950 751629188 690764788 721966678 120954905 722728233 39129012 640820972 444332365 546815484 89720024 442650638 471399728 656803727 198354970 583619706 207558448 75819247 544371429 163019706 596896066 247226292 486330754 142630322 743967024 214666056 937665731 190202395 245009259 627987750 162830563 776970065 643771288 777039323 613701272 697970854 534938418 919502286 756858013 701384265 872525558 99651458 592882195 766574508 550107500 291166697 557959796 95900223 128890106 302952630 202791905 536666287 693258305 398888379 678502390 259752636 524050084 975943852 740042931 188640056 939353041 292604455 60997622 42398526 601339362 340165199 266829202 574579836 49027431 383236069 554798338 460674493 96009599 506409877 370699279 451881591 51657496 126120581 214539384 914990807 850647163 421818198 86752161 882623880 441558001 846293045 327411983 857423533 111662136 336733254 784842209 707265893 325111336 331167100 976810192 696901884 322009132 39479095 54047384 628169044 437864924 366718910 363081711 861662501 87383024 379194056 580512369 221878452 146109083 6564120 124758473 52062961 170711427 61725858 631304671 946293191 34685759 868812883 595145548 56429562 648486316 782385495 260336218 186881706 543199028 323606106 516242562 399309841 338925582 363147682 64556792 912687194 645448137 342533563 6463614 175322987 308157531 26351612 919960043 987004911 360634261 583608477 235639154 446946022 996628309 563730736 942469682 491428353 952603738 275435494 842993466 943647921 474868058 806116802 446452410 511819957 287926522 730046082 992414495 646491915 47380099 186718502 620177834 275404027 45245276 975244598 414324580 146385830 8444536 933286359 274156348 299689275 506617133 823922348 220754638 237182708 309097340 685042979 506053603 298825275 53416298 941408577 419559040 442472446 43923505 869566301 28018004 147580691 405378686 807883747 949671684 432392926 695543249 389033466 619956002 124684645 344772812 359997251 536415991 97962579 755494508 536416436 47793685 528037548 783018102 312868138 287517725 417920306 928751637 337528815 515994130 492826818 535728414 531553001 661647110 819577967 201002977 533467482 850041697 744928447 639218668 873159659 863051315 13729654 791733953 648093859 383178346 559582638 190700382 684561413 38298035 391458173 55349100 891589293 867709103 478219163 480460311 469774962 320557518 280687457 988880104 445907389 994316691 126518706 444545275 294355467 597586151 519941247 101661856 491174067 356900456 962852902 920568024 274607070 976905747 99473942 384919138 1125526 386532192 561737998 946460503 849202207 921861384 403235205 438392034 612821156 943180970 842844901 172408235 254816680 736872927 939297874 
1 469774962 66575
1 132525499 90734
2 75088
1 291988978 73765
2 82281
1 478219163 63907
2 87700
2 72996
2 79186
1 515994130 91038
2 69945
2 12957
2 58723
2 66417
2 83024
2 64217
2 70169
2 67846
2 75664
2 90168
1 864073781 68046
2 64781
1 55349100 71955
1 275404027 80564
1 722319932 82805
2 36688
1 260336218 98513
1 186881706 61480
1 620177834 51453
2 65505
2 1601
2 93673
2 30287
2 60632
2 89801
1 722319932 86640
1 128890106 53780
2 105532
2 36130
2 44153
2 166827
2 103556
2 16305
1 628103893 93461
2 82052
2 72973
2 5847
2 159285
2 66110
1 323606106 90041
1 669190737 68398
1 223776540 88634
2 100303
2 30206
2 145850
2 98686
2 1815
2 77030
2 55468
2 93133
2 101355
2 161997
1 942469682 72354
2 15137
1 64551119 51524
1 991546171 76735
1 333397921 79711
1 971044907 53774
2 21657
1 363147682 83542
1 478966715 95367
1 344772812 82437
1 958777573 63227
2 155137
2 9404
2 169305
1 619956002 70448
1 651395805 95186
2 167605
1 949671684 81517
1 655058766 61850
2 17701
1 707269050 91194
1 484425740 76575
2 86256
2 31669
1 867709103 88567
2 99124
1 592882195 63876
2 39691
2 142960
2 46259
2 160285
2 15440
2 158751
1 842844901 50456
1 478219163 99786
2 65513
2 109237
2 39801
2 160911
1 384919138 51921
2 6400
1 646491915 93235
1 49027431 68882
1 868812883 71420
2 26382
2 63539
2 139457
1 377475313 53438
1 111662136 75504
2 159985
1 474627035 63592
1 988880104 78135
2 38584
2 85841
2 28029
2 112958
2 75207
2 116451
2 114740
2 163012
2 123929
2 61860
2 131067
1 546815484 52072
1 802075603 68223
2 71577
2 48681
2 153314
2 161805
2 118224
1 722728233 92887
1 893879695 62332
2 78806
2 124326
2 70561
1 983267611 62309
2 27790
2 53400
1 528037548 67895
2 12359
2 106434
1 876322049 84025
2 125574
1 45245276 72570
2 108522
1 235367751 92708
2 40657
2 161746
1 327411983 79753
1 976810192 65895
2 161657
2 94866
2 116969
2 8321
1 235073990 57785
2 24848
1 516242562 51425
1 881155300 52408
2 4651
2 71519
2 156779
2 90698
2 65148
2 109582
2 138781
1 124684645 78881
2 94247
1 850647163 75388
1 722319932 78554
1 299689275 70577
1 515994130 85720
1 39999561 64271
2 93443
2 156619
2 201692
1 320090855 96055
2 46771
1 472074375 70364
1 857423533 87441
2 195721
2 226879
2 26448
2 220035
2 46810
1 13729654 62766
1 613701272 81844
2 92214
2 61024
1 61725858 76959
2 174946
2 41425
2 3088
1 202791905 62643
1 791733953 81973
2 101189
1 791733953 51500
1 994855149 80580
2 59388
2 86385
2 13963
2 121244
2 34252
2 160001
2 179038
2 25377
1 463758146 72380
2 108560
2 70497
2 10434
2 194156
1 643771288 70745
2 12994
1 442650638 73243
2 24207
1 389033466 90549
2 6656
1 669190737 71652
1 134102726 79702
1 201002977 76032
2 88761
1 946460503 52290
2 159542
1 446452410 67479
2 28579
2 112894
1 609155653 78494
2 189079
2 76671
2 215708
1 221878452 95545
1 54047384 84579
1 331084264 75167
1 75819247 61413
1 356900456 79902
1 628103893 93049
1 751629188 95395
2 120008
2 2521
2 31922
2 104604
2 155596
2 18047
1 613701272 55458
2 87117
2 228844
1 655058766 73687
1 280687457 85164
2 29983
1 749990577 60074
1 735441739 59052
1 601339362 91652
2 10841
2 211330
2 2231
2 237772
2 57599
2 122414
2 8775
2 5170
1 480083802 93201
1 560910616 68214
2 231135
1 534938418 84750
2 58399
1 615783917 92371
2 58754
1 327358083 56422
2 143524
2 134942
2 152590
1 175322987 62505
2 33688
2 143616
2 230347
2 16193
2 155925
1 320090855 75846
1 360790936 84238
2 115650
2 212682
2 180068
1 172408235 99350
1 534938418 54552
2 246399
2 169174
2 41192
1 784842209 57429
2 179865
1 243995574 57521
2 33154
1 802075603 93430
1 806116802 50913
2 229819
1 718425224 92754
2 246831
1 627987750 60394
2 134083
1 920568024 96158
2 29247
1 911959583 70223
2 24961
2 89863
2 224116
2 113188
1 803421165 95971
2 43813
1 737775788 76628
2 134843
2 27991
2 103784
1 460674493 84239
1 486330754 62603
2 13091
1 170711427 82064
2 41905
2 69326
2 222061
2 39294
2 39294
2 197092
2 175001
2 61259
2 209169
1 380577671 68091
2 151792
2 128031
1 445907389 82455
2 191463
2 247858
2 6519
1 561737998 70512
2 8056
1 784946641 82766
2 27882
2 32138
2 182736
2 28622
2 113944
2 234434
2 96809
1 47380099 67138
2 177739
2 224390
2 18627
2 91489
2 41758
1 1125526 93718
2 242830
2 226609
2 12416
1 996628309 76575
1 61725858 52147
1 490877734 94631
2 73430
2 86454
1 188399518 64775
2 153728
2 43988
1 6564120 93540
2 52018
1 678502390 81176
2 87281
2 350
1 777039323 89792
1 881155300 55424
1 531340512 57154
2 93488
2 102927
2 41831
2 200254
1 207558448 57949
2 23294
1 163019706 57885
2 171159
2 489
1 132525499 70681
1 878623162 68752
2 201509
2 65162
2 133988
2 123031
1 101102720 61047
1 294355467 81778
2 44702
2 100081
1 365823219 62439
2 184982
1 438392034 99515
1 463758146 50086
2 226624
2 47266
1 625776233 97086
1 996628309 85372
2 39493
2 141252
2 150594
2 131711
1 437864924 71480
2 104703
1 592882195 57696
2 28146
2 241704
2 185899
1 824013547 93490
2 154529
1 287926522 85107
1 619956002 65787
1 302952630 61267
1 506617133 60515
2 134496
2 69921
2 180359
2 179591
1 992020770 53597
2 56328
1 943647921 96641
2 228441
2 144257
1 784164012 96519
2 223183
2 144197
1 873159659 91207
1 64551119 72950
2 124927
1 403235205 69385
2 219272
2 115646
2 8252
1 697615600 73825
2 108908
1 30586025 64999
1 391785262 61443
2 246304
2 57225
2 31329
1 377475313 64613
2 115708
2 178531
1 976905747 57711
2 101570
2 4150
1 862557316 53023
1 684561413 76906
1 975966481 86363
1 557959796 70883
2 246804
2 125216
1 725641682 68075
2 30237
1 506409877 86886
2 27317
2 242263
1 97748035 75698
2 238644
1 722728233 76901
2 151126
2 120554
2 71929
2 2634
1 162885185 86965
2 42119
2 23563
2 10777
1 484425740 63549
2 66572
2 117513
2 144153
2 139149
2 86037
2 90669
2 226529
2 223447
1 188399518 84267
2 210616
1 620958138 95812
1 678502390 95416
1 983267611 95527
1 450608296 59311
1 322009132 66860
1 819577967 57724
2 81362
1 823922348 83479
2 41902
1 321974875 62519
1 75240469 95685
1 697353472 98074
2 153207
2 148541
2 8471
1 722772480 97631
2 183461
2 125749
2 222478
2 80551
2 139438
1 86752161 88128
1 367293586 81986
1 841491119 90997
2 1780
2 108160
2 19031
2 160894
2 181563
2 19303
1 583608477 64894
2 45881
1 819577967 56288
1 237182708 87331
2 16277
2 57484
2 37637
2 242963
2 169125
1 419559040 97774
2 45851
1 322009132 93758
1 484425740 58389
2 16765
2 55615
1 690764788 64507
2 51421
1 45245276 91322
1 391785262 53889
2 23408
2 240141
1 5923159 77106
1 519941247 75305
1 656803727 51145
2 29018
1 534938418 73693
1 474627035 79303
1 806116802 89284
1 325320904 67720
1 365823219 93841
1 307813750 68749
1 712358193 64035
1 727505257 78373
1 755494508 91198
1 912687194 88057
2 3845
1 179192538 65213
1 365823219 73128
2 34497
2 61907
2 44825
2 143990
2 1287
1 296485016 83729
1 323606106 85231
1 45245276 50651
2 167891
2 5431
2 57854
1 777039323 87248
1 298825275 60247
2 42340
1 863118194 90048
1 172408235 63270
1 533467482 91318
1 766574508 79991
1 685042979 88101
1 756858013 60860
2 212330
2 232121
1 656803727 82125
1 172408235 85501
1 536858013 92503
1 158015793 53097
2 94460
2 94170
2 15613
2 26136
2 210695
1 220971128 79878
2 18912
2 135493
2 12602
1 338925582 85831
1 863051315 90195
1 441558001 82363
2 140142
2 23602
2 187384
2 22667
2 102422
2 37227
1 414324580 97342
1 712100814 95227
2 138910
2 46953
1 333198076 73618
2 153170
2 45214
2 213192
2 221912
1 383178346 82132
2 239749
2 110993
2 142597
1 126518706 92259
2 144133
2 217115
2 43593
1 71131820 77483
1 867709103 66508
1 480083802 68873
1 237182708 79417
2 199278
2 207497
1 964479112 57522
2 30017
2 196356
2 18591
2 3269
2 191023
1 544371429 81854
1 488607290 86802
1 415044072 56656
2 245834
1 991546171 55094
1 773685103 62055
1 87383024 56690
2 177419
1 712100814 60064
2 161123
2 20894
1 791914611 75511
2 135718
1 429592131 95586
2 98815
1 292604455 95859
1 872525558 93556
1 303658320 75478
1 293050339 59709
1 13729654 71190
1 454323553 61848
1 631892076 68147
1 773835469 64426
2 219149
1 690764788 87632
2 140029
2 223361
2 70021
2 26823
2 59939
1 544371429 67196
1 872525558 59966
2 147979
2 200174
2 228474
2 143777
1 870967958 63083
2 15697
2 111131
1 511819957 97139
1 310523934 85841
2 104100
2 99250
2 114630
2 15213
2 231258
2 202799
2 67802
2 143559
2 22121
2 101942
1 519941247 99091
1 162885185 92534
1 365823219 75924
2 179705
2 107471
2 28547
1 97962579 84483
2 153611
2 152790
2 170029
2 4155
2 117001
2 7606
1 186881706 64887
2 184960
2 170108
1 294355467 70224
2 182253
2 47947
1 235639154 98023
1 991546171 96640
1 893879695 93909
1 987004911 52362
1 444332365 93645
1 592882195 82691
2 172663
1 108358994 64701
2 145089
1 147580691 65430
1 292604455 78019
1 451881591 62016
1 803421165 73274
1 921861384 71165
1 530810593 67852
1 574579836 77545
2 259719
2 37935
2 59647
1 900316446 59629
1 536858013 73546
1 429592131 91612
1 378895670 77311
1 480083802 58172
2 294346
2 163324
2 43925
2 277833
1 809089101 62984
2 81173
1 734237836 97440
2 180627
1 303658320 65404
2 107120
1 721966678 69860
2 29467
2 24975
1 722319932 88352
2 123385
1 175322987 57560
1 819883015 50751
2 25913
1 415044072 66423
2 199424
2 45319
2 248233
1 697353472 77331
2 70025
1 851488587 54652
2 319453
2 48564
2 27293
2 217121
1 124758473 95143
1 685042979 84266
2 226203
1 363147682 97811
1 939353041 80531
1 999993268 73864
2 69574
2 267889
2 38847
1 743967024 67532
1 958921802 97003
2 216482
2 216996
1 472074375 77650
2 131481
2 304301
1 846293045 99795
1 302490928 84164
1 914990807 67229
1 776970065 91980
2 153410
2 15972
2 106518
1 55349100 50006
2 293131
1 491174067 90201
2 16647
2 36309
1 209945319 75196
1 126120581 50473
2 301898
2 8129
2 252847
2 289862
2 213414
2 116497
1 764050948 62225
1 712955053 71626
1 751629188 83640
1 21696610 52950
2 23752
1 259752636 96221
2 59947
1 478219163 55208
2 12787
2 191484
1 245009259 86644
1 536416436 66580
2 228855
1 536416436 77733
1 162885185 50013
2 306734
2 63920
1 168011521 58069
2 42007
2 18239
2 183661
2 128213
1 634464092 78190
2 122900
1 926209759 98925
2 164798
1 991546171 67383
2 251328
2 34557
2 48892
2 334174
2 60623
2 30688
1 47380099 65242
2 319723
1 451881591 92920
1 190202395 51361
1 851488587 66299
2 113168
2 207639
1 860176036 91470
1 634464092 55500
2 204493
2 207906
2 31045
1 275435494 78540
2 139853
2 20686
2 203608
1 994316691 85213
2 63436
2 303393
1 897088311 63216
2 28410
1 846293045 70273
1 8444536 87584
2 27024
1 383178346 92347
2 177399
2 40690
1 949671684 97315
2 109479
1 884565661 75611
1 882623880 88460
1 45245276 57757
1 549975620 97034
1 34685759 70689
2 323932
2 216703
1 53416298 60138
1 919960043 63205
2 35249
1 26351612 53270
2 159414
2 32514
1 536415991 68001
1 441558001 64288
2 146376
2 5163
1 992414495 89187
2 43053
2 3966
1 56429562 67081
2 15009
1 631304671 70027
2 33774
2 8345
2 184604
2 206086
2 226752
1 881155300 80059
2 225106
1 146109083 92788
2 154446
2 177957
2 159544
2 26806
2 30755
1 126120581 68899
2 99104
1 220754638 79344
2 271877
2 182452
2 13325
2 140534
2 100460
2 113049
1 737775788 60146
2 25077
2 246368
2 97678
2 38321
1 86752161 79007
2 106734
1 782385495 62767
2 76287
2 112704
1 168011521 50462
1 988880104 98331
2 130323
2 200159
2 110345
1 850647163 60281
2 270850
1 870967958 65055
2 11211
2 271336
2 116781
1 307813750 98062
2 38278
1 56429562 98751
1 853583027 78725
2 231284
2 250685
2 256170
2 194648
2 133144
2 271774
2 155297
1 446452410 95946
2 332059
2 30222
2 283923
2 19103
2 194060
1 235073990 67668
1 793691551 90375
1 784946641 87019
1 488607290 60860
2 18661
2 44142
2 232892
1 640820972 86040
2 8818
2 25561
1 889188090 97306
2 329878
2 16656
2 45649
1 725641682 69204
1 783018102 70269
1 363081711 51918
2 282222
2 229805
2 49089
1 779450105 80419
2 163205
2 153590
2 46735
2 39766
2 75315
2 47774
2 36755
1 992020770 75518
2 768
2 49385
1 545376397 57570
2 282707
2 236043
1 528037548 67587
2 95866
1 736872927 86888
1 625776233 58735
2 39743
1 697615600 81290
2 160400
2 27478
2 37151
2 326063
1 825473364 82311
2 331151
2 47283
2 155146
1 337528815 83986
2 323202
2 252012
2 221761
2 131335
1 712100814 77017
2 150731
2 327827
1 825473364 59572
2 28081
2 13989
2 334974
1 938295364 61146
1 506409877 58528
1 655919167 98661
2 178487
1 693258305 74612
2 39269
2 151499
1 919960043 85053
2 263335
2 186656
2 249627
1 219717787 93955
2 38266
2 217272
2 177114
1 312868138 71204
1 914990807 66843
2 11579
2 204740